header:
  seq: 28
  stamp:
    secs: 1550757135
    nsecs: 803256034
  frame_id: "WGS84"
status:
  status: 2
  service: 1
latitude: 47.37840513585656
longitude: 8.54581395437846
altitude: 0.0
position_covariance: [0.0049, 0.0, 0.0, 0.0, 0.0049, 0.0, 0.0, 0.0, 0.01]
position_covariance_type: 1
