cam0:
  T_cam_imu:
  - - -0.020648936031997495
    - 0.9997802648301619
    - 0.003611578170013124
    - 0.10508408025980019
  - - 0.9997628152669613
    - 0.020673321568162345
    - -0.006850327351255471
    - -0.05205520138635964
  - - -0.006923485410288732
    - 0.0034692695875347037
    - -0.9999700143095804
    - -0.09943669483444449
  - - 0.0
    - 0.0
    - 0.0
    - 1.0
  cam_overlaps: []
  camera_model: pinhole
  distortion_coeffs:
  - -0.18294290326860796
  - 0.10707780279452253
  - 1.1595507185276904e-05
  - 0.00011902962626724061
  distortion_model: radtan
  intrinsics:
  - 1826.4285493421737
  - 1825.8072156104488
  - 1002.2544931462955
  - 787.4767437450615
  resolution:
  - 2048
  - 1536
  rostopic: /moa/bfly/image_mono
  timeshift_cam_imu: 0.0006907172360543089
